{
    "0xgj9kc8": {
        "node_type": "face",
        "face_params": {
            "category": "0",
            "vertices": [
                [
                    -135.55,
                    34.95,
                    13.15
                ],
                [
                    -128.45000000000002,
                    44.800000000000004,
                    13.15
                ],
                [
                    -134.25,
                    49.0,
                    13.15
                ],
                [
                    -141.35,
                    39.150000000000006,
                    13.15
                ],
                [
                    -139.65,
                    37.9,
                    13.15
                ]
            ],
            "center": [
                -134.90126413782568,
                41.9732462313257,
                13.15
            ],
            "scale": [
                7.160988419357909,
                12.162150256799764,
                0.1
            ],
            "rotation": [
                [
                    0.8112218048381797,
                    -0.5847385598325853,
                    0.0
                ],
                [
                    0.5847385598325853,
                    0.8112218048381797,
                    0.0
                ],
                [
                    0.0,
                    0.0,
                    0.9999999999999999
                ]
            ],
            "type": "floor",
            "heat_transfer": null,
            "solar_heat_gain": null
        }
    },
    "0x4h24ch": {
        "node_type": "face",
        "face_params": {
            "category": "0",
            "vertices": [
                [
                    -139.65,
                    37.9,
                    0.0
                ],
                [
                    -135.55,
                    34.95,
                    0.0
                ],
                [
                    -135.55,
                    34.95,
                    4.4
                ],
                [
                    -139.65,
                    37.9,
                    4.4
                ]
            ],
            "center": [
                -137.59999999999997,
                36.42499999999999,
                2.1999999999999993
            ],
            "scale": [
                5.050969178198358,
                4.3999999999999995,
                0.1
            ],
            "rotation": [
                [
                    -0.810041640445796,
                    0.586372356735789,
                    0.0
                ],
                [
                    0.0,
                    1.3877787807814457e-17,
                    -0.9999999999999998
                ],
                [
                    -0.586372356735789,
                    -0.810041640445796,
                    1.3877787807814457e-17
                ]
            ],
            "type": "wall",
            "heat_transfer": null,
            "solar_heat_gain": null
        }
    },
    "0x3253c1": {
        "node_type": "face",
        "face_params": {
            "category": "0",
            "vertices": [
                [
                    -139.3,
                    29.75,
                    8.8
                ],
                [
                    -135.55,
                    34.95,
                    8.8
                ],
                [
                    -135.55,
                    34.95,
                    13.15
                ],
                [
                    -139.3,
                    29.75,
                    13.15
                ]
            ],
            "center": [
                -137.42499999999998,
                32.34999999999999,
                10.974999999999996
            ],
            "scale": [
                6.411112868077353,
                4.350000000000001,
                0.1
            ],
            "rotation": [
                [
                    -0.5863723567357892,
                    -0.810041640445796,
                    5.551115123125783e-17
                ],
                [
                    5.551115123125783e-17,
                    -1.6653345369377348e-16,
                    -1.0
                ],
                [
                    0.810041640445796,
                    -0.5863723567357892,
                    1.6653345369377348e-16
                ]
            ],
            "type": "wall",
            "heat_transfer": null,
            "solar_heat_gain": null
        }
    },
    "0x944ce2": {
        "node_type": "face",
        "face_params": {
            "category": "0",
            "vertices": [
                [
                    -141.35,
                    39.150000000000006,
                    8.8
                ],
                [
                    -139.65,
                    37.9,
                    8.8
                ],
                [
                    -139.65,
                    37.9,
                    13.15
                ],
                [
                    -141.35,
                    39.150000000000006,
                    13.15
                ]
            ],
            "center": [
                -140.49999999999997,
                38.52499999999999,
                10.974999999999996
            ],
            "scale": [
                2.1100362346775796,
                4.35,
                0.1
            ],
            "rotation": [
                [
                    -0.810041640445796,
                    0.5863723567357892,
                    5.551115123125783e-17
                ],
                [
                    -1.6653345369377348e-16,
                    -6.245004513516506e-17,
                    -1.0
                ],
                [
                    -0.5863723567357892,
                    -0.810041640445796,
                    1.5959455978986625e-16
                ]
            ],
            "type": "wall",
            "heat_transfer": null,
            "solar_heat_gain": null
        }
    },
    "0x#0_8": {
        "node_type": "face",
        "face_params": {
            "category": "0",
            "vertices": [
                [
                    -140.15,
                    42.75,
                    12.15
                ],
                [
                    -139.25,
                    42.1,
                    12.15
                ],
                [
                    -134.65,
                    48.45,
                    12.15
                ],
                [
                    -135.55,
                    49.1,
                    12.15
                ]
            ],
            "center": [
                -137.39999999999984,
                45.59999999999979,
                12.15
            ],
            "scale": [
                1.1101790209806337,
                7.842671900657933,
                0.1
            ],
            "rotation": [
                [
                    0.8098376545927387,
                    -0.5866540489962819,
                    0.0
                ],
                [
                    0.5866540489962819,
                    0.8098376545927387,
                    0.0
                ],
                [
                    0.0,
                    0.0,
                    0.9999999999999999
                ]
            ],
            "type": "shading",
            "heat_transfer": null,
            "solar_heat_gain": null
        }
    },
    "0xcaiadg": {
        "node_type": "face",
        "face_params": {
            "category": "0",
            "vertices": [
                [
                    -135.55,
                    34.95,
                    4.4
                ],
                [
                    -128.45000000000002,
                    44.800000000000004,
                    4.4
                ],
                [
                    -128.45000000000002,
                    44.800000000000004,
                    8.8
                ],
                [
                    -135.55,
                    34.95,
                    8.8
                ]
            ],
            "center": [
                -132.0,
                39.87500000000001,
                6.599999999999995
            ],
            "scale": [
                12.142153891215187,
                4.400000000000001,
                0.1
            ],
            "rotation": [
                [
                    -0.5863723567357892,
                    -0.810041640445796,
                    5.551115123125783e-17
                ],
                [
                    5.551115123125783e-17,
                    -1.6653345369377348e-16,
                    -1.0
                ],
                [
                    0.810041640445796,
                    -0.5863723567357892,
                    1.6653345369377348e-16
                ]
            ],
            "type": "wall",
            "heat_transfer": null,
            "solar_heat_gain": null
        }
    },
    "0x7g9fgi": {
        "node_type": "face",
        "face_params": {
            "category": "0",
            "vertices": [
                [
                    -139.3,
                    29.75,
                    13.15
                ],
                [
                    -135.55,
                    34.95,
                    13.15
                ],
                [
                    -139.65,
                    37.9,
                    13.15
                ],
                [
                    -143.4,
                    32.7,
                    13.15
                ]
            ],
            "center": [
                -139.4749999999998,
                33.82500000000044,
                13.15
            ],
            "scale": [
                5.050987051701842,
                6.416582408379533,
                0.1
            ],
            "rotation": [
                [
                    0.8110903317795002,
                    -0.5849209123409935,
                    0.0
                ],
                [
                    0.5849209123409935,
                    0.8110903317795002,
                    0.0
                ],
                [
                    0.0,
                    0.0,
                    1.0
                ]
            ],
            "type": "floor",
            "heat_transfer": null,
            "solar_heat_gain": null
        }
    },
    "0xf6ki1d": {
        "node_type": "face",
        "face_params": {
            "category": "0",
            "vertices": [
                [
                    -128.45000000000002,
                    44.800000000000004,
                    8.8
                ],
                [
                    -135.55,
                    34.95,
                    8.8
                ],
                [
                    -139.65,
                    37.9,
                    8.8
                ],
                [
                    -141.35,
                    39.150000000000006,
                    8.8
                ],
                [
                    -134.25,
                    49.0,
                    8.8
                ]
            ],
            "center": [
                -134.90126413782568,
                41.9732462313257,
                8.8
            ],
            "scale": [
                7.160988419357909,
                12.162150256799764,
                0.1
            ],
            "rotation": [
                [
                    0.8112218048381797,
                    -0.5847385598325853,
                    0.0
                ],
                [
                    0.5847385598325853,
                    0.8112218048381797,
                    0.0
                ],
                [
                    0.0,
                    0.0,
                    0.9999999999999999
                ]
            ],
            "type": "floor",
            "heat_transfer": null,
            "solar_heat_gain": null
        }
    },
    "0xhfhc7k": {
        "node_type": "face",
        "face_params": {
            "category": "0",
            "vertices": [
                [
                    -143.4,
                    32.7,
                    4.4
                ],
                [
                    -139.3,
                    29.75,
                    4.4
                ],
                [
                    -139.3,
                    29.75,
                    8.8
                ],
                [
                    -143.4,
                    32.7,
                    8.8
                ]
            ],
            "center": [
                -141.35,
                31.225000000000012,
                6.599999999999994
            ],
            "scale": [
                5.050969178198358,
                4.400000000000001,
                0.1
            ],
            "rotation": [
                [
                    -0.810041640445796,
                    0.5863723567357892,
                    5.551115123125783e-17
                ],
                [
                    -1.6653345369377348e-16,
                    -6.245004513516506e-17,
                    -1.0
                ],
                [
                    -0.5863723567357892,
                    -0.810041640445796,
                    1.5959455978986625e-16
                ]
            ],
            "type": "wall",
            "heat_transfer": null,
            "solar_heat_gain": null
        }
    },
    "0xgga4a6": {
        "node_type": "face",
        "face_params": {
            "category": "0",
            "vertices": [
                [
                    -135.55,
                    34.95,
                    8.8
                ],
                [
                    -139.3,
                    29.75,
                    8.8
                ],
                [
                    -143.4,
                    32.7,
                    8.8
                ],
                [
                    -139.65,
                    37.9,
                    8.8
                ]
            ],
            "center": [
                -139.4749999999998,
                33.82500000000044,
                8.8
            ],
            "scale": [
                5.050987051701842,
                6.416582408379533,
                0.1
            ],
            "rotation": [
                [
                    0.8110903317795002,
                    -0.5849209123409935,
                    0.0
                ],
                [
                    0.5849209123409935,
                    0.8110903317795002,
                    0.0
                ],
                [
                    0.0,
                    0.0,
                    1.0
                ]
            ],
            "type": "floor",
            "heat_transfer": null,
            "solar_heat_gain": null
        }
    },
    "0xe25j6b": {
        "node_type": "face",
        "face_params": {
            "category": "0",
            "vertices": [
                [
                    -139.65,
                    37.9,
                    8.8
                ],
                [
                    -135.55,
                    34.95,
                    8.8
                ],
                [
                    -135.55,
                    34.95,
                    13.15
                ],
                [
                    -139.65,
                    37.9,
                    13.15
                ]
            ],
            "center": [
                -137.6,
                36.425,
                10.974999999999996
            ],
            "scale": [
                5.050969178198329,
                4.350000000000001,
                0.1
            ],
            "rotation": [
                [
                    -0.810041640445796,
                    0.5863723567357892,
                    5.551115123125783e-17
                ],
                [
                    -1.6653345369377348e-16,
                    -6.245004513516506e-17,
                    -1.0
                ],
                [
                    -0.5863723567357892,
                    -0.810041640445796,
                    1.5959455978986625e-16
                ]
            ],
            "type": "wall",
            "heat_transfer": null,
            "solar_heat_gain": null
        }
    },
    "0x6kigdh": {
        "node_type": "face",
        "face_params": {
            "category": "1",
            "vertices": [
                [
                    -139.25,
                    42.1,
                    10.0
                ],
                [
                    -139.25,
                    42.1,
                    12.15
                ],
                [
                    -134.65,
                    48.45,
                    12.15
                ],
                [
                    -134.65,
                    48.45,
                    10.0
                ]
            ],
            "center": [
                -136.95,
                45.27500000000001,
                11.075000000000003
            ],
            "scale": [
                7.841077257815442,
                2.1500000000000004,
                0.1
            ],
            "rotation": [
                [
                    0.5863723567357902,
                    0.8100416404457953,
                    5.551115123125783e-17
                ],
                [
                    -5.551115123125783e-17,
                    1.1102230246251565e-16,
                    -1.0
                ],
                [
                    -0.8100416404457953,
                    0.5863723567357904,
                    1.1102230246251565e-16
                ]
            ],
            "type": "window",
            "heat_transfer": null,
            "solar_heat_gain": null
        }
    },
    "0xb813k4": {
        "node_type": "face",
        "face_params": {
            "category": "0",
            "vertices": [
                [
                    -135.55,
                    34.95,
                    0.0
                ],
                [
                    -128.45000000000002,
                    44.800000000000004,
                    0.0
                ],
                [
                    -128.45000000000002,
                    44.800000000000004,
                    4.4
                ],
                [
                    -135.55,
                    34.95,
                    4.4
                ]
            ],
            "center": [
                -132.0,
                39.87500000000001,
                2.199999999999995
            ],
            "scale": [
                12.142153891215187,
                4.400000000000001,
                0.1
            ],
            "rotation": [
                [
                    -0.5863723567357892,
                    -0.810041640445796,
                    5.551115123125783e-17
                ],
                [
                    5.551115123125783e-17,
                    -1.6653345369377348e-16,
                    -1.0
                ],
                [
                    0.810041640445796,
                    -0.5863723567357892,
                    1.6653345369377348e-16
                ]
            ],
            "type": "wall",
            "heat_transfer": null,
            "solar_heat_gain": null
        }
    },
    "0xka764h": {
        "node_type": "face",
        "face_params": {
            "category": "0",
            "vertices": [
                [
                    -135.55,
                    34.95,
                    0.0
                ],
                [
                    -139.3,
                    29.75,
                    0.0
                ],
                [
                    -143.4,
                    32.7,
                    0.0
                ],
                [
                    -139.65,
                    37.9,
                    0.0
                ]
            ],
            "center": [
                -139.4749999999998,
                33.82500000000044,
                0.0
            ],
            "scale": [
                5.050987051701842,
                6.416582408379533,
                0.1
            ],
            "rotation": [
                [
                    0.8110903317795002,
                    -0.5849209123409935,
                    0.0
                ],
                [
                    0.5849209123409935,
                    0.8110903317795002,
                    0.0
                ],
                [
                    0.0,
                    0.0,
                    1.0
                ]
            ],
            "type": "floor",
            "heat_transfer": null,
            "solar_heat_gain": null
        }
    },
    "0xf747j3": {
        "node_type": "face",
        "face_params": {
            "category": "0",
            "vertices": [
                [
                    -134.25,
                    49.0,
                    4.4
                ],
                [
                    -141.35,
                    39.150000000000006,
                    4.4
                ],
                [
                    -141.35,
                    39.150000000000006,
                    8.8
                ],
                [
                    -134.25,
                    49.0,
                    8.8
                ]
            ],
            "center": [
                -137.79999999999998,
                44.074999999999996,
                6.600000000000006
            ],
            "scale": [
                12.142153891215187,
                4.400000000000002,
                0.1
            ],
            "rotation": [
                [
                    0.5863723567357892,
                    0.810041640445796,
                    5.551115123125783e-17
                ],
                [
                    -5.551115123125783e-17,
                    1.6653345369377348e-16,
                    -1.0
                ],
                [
                    -0.810041640445796,
                    0.5863723567357892,
                    1.6653345369377348e-16
                ]
            ],
            "type": "wall",
            "heat_transfer": null,
            "solar_heat_gain": null
        }
    },
    "0xeh47ae": {
        "node_type": "face",
        "face_params": {
            "category": "0",
            "vertices": [
                [
                    -139.65,
                    37.9,
                    4.4
                ],
                [
                    -135.55,
                    34.95,
                    4.4
                ],
                [
                    -135.55,
                    34.95,
                    8.8
                ],
                [
                    -139.65,
                    37.9,
                    8.8
                ]
            ],
            "center": [
                -137.6,
                36.425,
                6.599999999999995
            ],
            "scale": [
                5.050969178198329,
                4.400000000000002,
                0.1
            ],
            "rotation": [
                [
                    -0.810041640445796,
                    0.5863723567357892,
                    5.551115123125783e-17
                ],
                [
                    -1.6653345369377348e-16,
                    -6.245004513516506e-17,
                    -1.0
                ],
                [
                    -0.5863723567357892,
                    -0.810041640445796,
                    1.5959455978986625e-16
                ]
            ],
            "type": "wall",
            "heat_transfer": null,
            "solar_heat_gain": null
        }
    },
    "0xf51f56": {
        "node_type": "face",
        "face_params": {
            "category": "0",
            "vertices": [
                [
                    -141.35,
                    39.150000000000006,
                    4.4
                ],
                [
                    -139.65,
                    37.9,
                    4.4
                ],
                [
                    -139.65,
                    37.9,
                    8.8
                ],
                [
                    -141.35,
                    39.150000000000006,
                    8.8
                ]
            ],
            "center": [
                -140.49999999999997,
                38.52499999999999,
                6.599999999999995
            ],
            "scale": [
                2.1100362346775796,
                4.4,
                0.1
            ],
            "rotation": [
                [
                    -0.810041640445796,
                    0.5863723567357892,
                    5.551115123125783e-17
                ],
                [
                    -1.6653345369377348e-16,
                    -6.245004513516506e-17,
                    -1.0
                ],
                [
                    -0.5863723567357892,
                    -0.810041640445796,
                    1.5959455978986625e-16
                ]
            ],
            "type": "wall",
            "heat_transfer": null,
            "solar_heat_gain": null
        }
    },
    "0x1ce052": {
        "node_type": "face",
        "face_params": {
            "category": "0",
            "vertices": [
                [
                    -128.45000000000002,
                    44.800000000000004,
                    0.0
                ],
                [
                    -135.55,
                    34.95,
                    0.0
                ],
                [
                    -139.65,
                    37.9,
                    0.0
                ],
                [
                    -141.35,
                    39.150000000000006,
                    0.0
                ],
                [
                    -134.25,
                    49.0,
                    0.0
                ]
            ],
            "center": [
                -134.90126413782568,
                41.9732462313257,
                0.0
            ],
            "scale": [
                7.160988419357909,
                12.162150256799764,
                0.1
            ],
            "rotation": [
                [
                    0.8112218048381797,
                    -0.5847385598325853,
                    0.0
                ],
                [
                    0.5847385598325853,
                    0.8112218048381797,
                    0.0
                ],
                [
                    0.0,
                    0.0,
                    0.9999999999999999
                ]
            ],
            "type": "floor",
            "heat_transfer": null,
            "solar_heat_gain": null
        }
    },
    "0x0gf689": {
        "node_type": "face",
        "face_params": {
            "category": "0",
            "vertices": [
                [
                    -128.45000000000002,
                    44.800000000000004,
                    4.4
                ],
                [
                    -134.25,
                    49.0,
                    4.4
                ],
                [
                    -134.25,
                    49.0,
                    8.8
                ],
                [
                    -128.45000000000002,
                    44.800000000000004,
                    8.8
                ]
            ],
            "center": [
                -131.34999999999997,
                46.89999999999999,
                6.599999999999998
            ],
            "scale": [
                7.161005412875909,
                4.3999999999999995,
                0.1
            ],
            "rotation": [
                [
                    0.810041640445796,
                    -0.586372356735789,
                    0.0
                ],
                [
                    0.0,
                    0.0,
                    -0.9999999999999998
                ],
                [
                    0.586372356735789,
                    0.810041640445796,
                    0.0
                ]
            ],
            "type": "wall",
            "heat_transfer": null,
            "solar_heat_gain": null
        }
    },
    "0xi232hk": {
        "node_type": "face",
        "face_params": {
            "category": "0",
            "vertices": [
                [
                    -139.3,
                    29.75,
                    4.4
                ],
                [
                    -135.55,
                    34.95,
                    4.4
                ],
                [
                    -135.55,
                    34.95,
                    8.8
                ],
                [
                    -139.3,
                    29.75,
                    8.8
                ]
            ],
            "center": [
                -137.42499999999998,
                32.34999999999999,
                6.599999999999995
            ],
            "scale": [
                6.411112868077353,
                4.400000000000002,
                0.1
            ],
            "rotation": [
                [
                    -0.5863723567357892,
                    -0.810041640445796,
                    5.551115123125783e-17
                ],
                [
                    5.551115123125783e-17,
                    -1.6653345369377348e-16,
                    -1.0
                ],
                [
                    0.810041640445796,
                    -0.5863723567357892,
                    1.6653345369377348e-16
                ]
            ],
            "type": "wall",
            "heat_transfer": null,
            "solar_heat_gain": null
        }
    },
    "0x1caif6": {
        "node_type": "face",
        "face_params": {
            "category": "0",
            "vertices": [
                [
                    -139.65,
                    37.9,
                    4.4
                ],
                [
                    -143.4,
                    32.7,
                    4.4
                ],
                [
                    -143.4,
                    32.7,
                    8.8
                ],
                [
                    -139.65,
                    37.9,
                    8.8
                ]
            ],
            "center": [
                -141.52499999999998,
                35.300000000000004,
                6.600000000000006
            ],
            "scale": [
                6.411112868077346,
                4.4,
                0.1
            ],
            "rotation": [
                [
                    0.5863723567357892,
                    0.810041640445796,
                    5.551115123125783e-17
                ],
                [
                    -5.551115123125783e-17,
                    1.6653345369377348e-16,
                    -1.0
                ],
                [
                    -0.810041640445796,
                    0.5863723567357892,
                    1.6653345369377348e-16
                ]
            ],
            "type": "wall",
            "heat_transfer": null,
            "solar_heat_gain": null
        }
    },
    "0x417kf8": {
        "node_type": "face",
        "face_params": {
            "category": "0",
            "vertices": [
                [
                    -139.3,
                    29.75,
                    0.0
                ],
                [
                    -135.55,
                    34.95,
                    0.0
                ],
                [
                    -135.55,
                    34.95,
                    4.4
                ],
                [
                    -139.3,
                    29.75,
                    4.4
                ]
            ],
            "center": [
                -137.42499999999998,
                32.34999999999999,
                2.1999999999999944
            ],
            "scale": [
                6.411112868077353,
                4.400000000000001,
                0.1
            ],
            "rotation": [
                [
                    -0.5863723567357892,
                    -0.810041640445796,
                    5.551115123125783e-17
                ],
                [
                    5.551115123125783e-17,
                    -1.6653345369377348e-16,
                    -1.0
                ],
                [
                    0.810041640445796,
                    -0.5863723567357892,
                    1.6653345369377348e-16
                ]
            ],
            "type": "wall",
            "heat_transfer": null,
            "solar_heat_gain": null
        }
    },
    "0xcb7132": {
        "node_type": "face",
        "face_params": {
            "category": "0",
            "vertices": [
                [
                    -139.65,
                    37.9,
                    0.0
                ],
                [
                    -143.4,
                    32.7,
                    0.0
                ],
                [
                    -143.4,
                    32.7,
                    4.4
                ],
                [
                    -139.65,
                    37.9,
                    4.4
                ]
            ],
            "center": [
                -141.52499999999998,
                35.300000000000004,
                2.200000000000006
            ],
            "scale": [
                6.411112868077346,
                4.400000000000001,
                0.1
            ],
            "rotation": [
                [
                    0.5863723567357892,
                    0.810041640445796,
                    5.551115123125783e-17
                ],
                [
                    -5.551115123125783e-17,
                    1.6653345369377348e-16,
                    -1.0
                ],
                [
                    -0.810041640445796,
                    0.5863723567357892,
                    1.6653345369377348e-16
                ]
            ],
            "type": "wall",
            "heat_transfer": null,
            "solar_heat_gain": null
        }
    },
    "0xjjk97b": {
        "node_type": "face",
        "face_params": {
            "category": "0",
            "vertices": [
                [
                    -139.65,
                    37.9,
                    8.8
                ],
                [
                    -143.4,
                    32.7,
                    8.8
                ],
                [
                    -143.4,
                    32.7,
                    13.15
                ],
                [
                    -139.65,
                    37.9,
                    13.15
                ]
            ],
            "center": [
                -141.52499999999998,
                35.300000000000004,
                10.975000000000007
            ],
            "scale": [
                6.411112868077346,
                4.35,
                0.1
            ],
            "rotation": [
                [
                    0.5863723567357892,
                    0.810041640445796,
                    5.551115123125783e-17
                ],
                [
                    -5.551115123125783e-17,
                    1.6653345369377348e-16,
                    -1.0
                ],
                [
                    -0.810041640445796,
                    0.5863723567357892,
                    1.6653345369377348e-16
                ]
            ],
            "type": "wall",
            "heat_transfer": null,
            "solar_heat_gain": null
        }
    },
    "0xe3d52e": {
        "node_type": "face",
        "face_params": {
            "category": "0",
            "vertices": [
                [
                    -134.25,
                    49.0,
                    0.0
                ],
                [
                    -141.35,
                    39.150000000000006,
                    0.0
                ],
                [
                    -141.35,
                    39.150000000000006,
                    4.4
                ],
                [
                    -134.25,
                    49.0,
                    4.4
                ]
            ],
            "center": [
                -137.79999999999998,
                44.074999999999996,
                2.2000000000000055
            ],
            "scale": [
                12.142153891215187,
                4.400000000000002,
                0.1
            ],
            "rotation": [
                [
                    0.5863723567357892,
                    0.810041640445796,
                    5.551115123125783e-17
                ],
                [
                    -5.551115123125783e-17,
                    1.6653345369377348e-16,
                    -1.0
                ],
                [
                    -0.810041640445796,
                    0.5863723567357892,
                    1.6653345369377348e-16
                ]
            ],
            "type": "wall",
            "heat_transfer": null,
            "solar_heat_gain": null
        }
    },
    "0x8c5j22": {
        "node_type": "face",
        "face_params": {
            "category": "0",
            "vertices": [
                [
                    -134.25,
                    49.0,
                    8.8
                ],
                [
                    -141.35,
                    39.150000000000006,
                    8.8
                ],
                [
                    -141.35,
                    39.150000000000006,
                    13.15
                ],
                [
                    -134.25,
                    49.0,
                    13.15
                ]
            ],
            "center": [
                -137.79999999999995,
                44.07499999999999,
                10.974999999999996
            ],
            "scale": [
                12.14215389121518,
                4.349999999999998,
                0.1
            ],
            "rotation": [
                [
                    0.5863723567357864,
                    0.810041640445798,
                    0.0
                ],
                [
                    0.0,
                    0.0,
                    -0.9999999999999998
                ],
                [
                    -0.810041640445798,
                    0.5863723567357864,
                    0.0
                ]
            ],
            "type": "wall",
            "heat_transfer": null,
            "solar_heat_gain": null
        }
    },
    "0x7ekkdc": {
        "node_type": "face",
        "face_params": {
            "category": "0",
            "vertices": [
                [
                    -128.45000000000002,
                    44.800000000000004,
                    8.8
                ],
                [
                    -134.25,
                    49.0,
                    8.8
                ],
                [
                    -134.25,
                    49.0,
                    13.15
                ],
                [
                    -128.45000000000002,
                    44.800000000000004,
                    13.15
                ]
            ],
            "center": [
                -131.34999999999997,
                46.89999999999999,
                10.974999999999996
            ],
            "scale": [
                7.161005412875909,
                4.349999999999998,
